Run semi-empirical minimization
 &qmmm
    qm_theory='AM1', grms_tol=0.0005,
 scfconv=1.d-10, ndiis_attempts=700,   qmcharge=-1,
 /
   7     N      -20.9120       -8.6380      -41.3750 
   6    CA      -21.8840       -8.1590      -40.4070 
   6     C      -21.5660       -6.7560      -39.9160 
   8     O      -22.4780       -5.9850      -39.5960 
   6    CB      -21.9640       -9.1300      -39.2330 
  15     P      -20.4000      -10.6310      -37.7970 
   6    C1      -19.1770       -9.5090      -35.7470 
   7    N1      -17.3360      -10.6070      -31.6550 
   8    O1      -20.7060       -9.2880      -38.6190 
   6    C2      -18.0590       -9.9340      -34.8070 
   7    N2      -13.5160      -13.4160      -30.5980 
   8    O2      -21.5600      -10.9640      -36.8840 
   6    C3      -18.0790      -11.4410      -34.6510 
   8    O3      -20.1130      -11.7680      -38.7500 
   6    C4      -16.7330       -9.4790      -35.4010 
   8    O4      -19.0910      -10.2990      -36.9340 
   6    C5      -18.2850       -9.2750      -33.4490 
   8    O5      -19.5300       -9.7320      -32.8930 
   6    C6      -17.1730       -9.5610      -32.4740 
   8    O6      -16.2470       -8.7780      -32.3570 
   6    C7      -16.3270      -10.9990      -30.6870 
   8    O7      -14.7120      -12.3190      -29.0430 
   6    C8      -15.2820      -11.9350      -31.3090 
   8    O8      -10.9780      -12.5480      -27.2850 
   6    C9      -14.4670      -12.5650      -30.2160 
   6   C10      -12.6480      -14.1220      -29.6650 
   6   C11      -11.1960      -13.6780      -29.8050 
   6   C12      -11.0030      -11.8100      -28.2600 
   6   C13      -10.9020      -10.3170      -28.1030 
   6   C14      -11.2190       -9.6660      -29.4410 
   6   C15      -12.2870       -8.6040      -29.2360 
   6   C16      -11.7270       -7.2210      -29.5290 
   6   C17      -12.1990       -6.7130      -30.8870 
   6   C18      -13.7130       -6.9040      -31.0510 
   6   C19      -14.2410       -6.1690      -32.2720 
   6   C20      -13.2040       -6.0940      -33.3890 
   6   C21      -13.8280       -6.4330      -34.7410 
   6   C22      -12.7310       -6.5730      -35.7940 
   6   C23      -13.2140       -7.3520      -37.0080 
   6   C24      -13.2650       -6.4540      -38.2390 
   6   C25      -11.8740       -5.9200      -38.5770 
   6   C26      -11.9440       -4.9530      -39.7560 
   6   C27      -10.5640       -4.5440      -40.2200 
  16     S      -11.0620      -12.2620      -29.5100 
   1     H      -20.3590       -9.4400      -41.0770 
   1    HA      -22.8580       -8.1150      -40.9060 
   1   HB2      -22.6830       -8.7620      -38.4910 
   1   HB3      -22.3300      -10.0960      -39.5790 
   1    H1      -20.1290       -9.6830      -35.2720 
   1    H2      -19.1020       -8.4720      -35.9780 
   1    H3      -17.9180      -11.9020      -35.6040 
   1    H4      -19.0230      -11.7520      -34.2610 
   1    H5      -17.2990      -11.7440      -33.9770 
   1    H6      -16.5830       -9.9500      -36.3540 
   1    H7      -15.9330       -9.7620      -34.7350 
   1    H8      -16.7310       -8.4230      -35.5230 
   1    H9      -18.3120       -8.2170      -33.6020 
   1   H10      -19.4890      -10.6900      -32.7560 
   1   H11      -18.1640      -11.1260      -31.7190 
   1   H12      -16.8100      -11.5030      -29.8790 
   1   H13      -15.8250      -10.1190      -30.3400 
   1   H14      -14.6520      -11.3730      -31.9510 
   1   H15      -15.7840      -12.6970      -31.8730 
   1   H16      -13.3930      -13.5750      -31.5610 
   1   H17      -12.7110      -15.1640      -29.8650 
   1   H18      -12.9790      -13.8970      -28.6760 
   1   H19      -10.8720      -13.8530      -30.8120 
   1   H20      -10.6060      -14.2360      -29.1160 
   1   H21      -11.6020       -9.9790      -27.3620 
   1   H22       -9.9100      -10.0440      -27.7930 
   1   H23      -10.3400       -9.2210      -29.8490 
   1   H24      -11.5770      -10.4080      -30.1300 
   1   H25      -13.1060       -8.8000      -29.8990 
   1   H26      -12.6090       -8.6400      -28.2160 
   1   H27      -12.0550       -6.5470      -28.7650 
   1   H28      -10.6580       -7.2890      -29.5490 
   1   H29      -11.9790       -5.6670      -30.9630 
   1   H30      -11.7070       -7.2730      -31.6530 
   1   H31      -13.9190       -7.9540      -31.1550 
   1   H32      -14.1950       -6.5080      -30.1800 
   1   H33      -15.1010       -6.6950      -32.6380 
   1   H34      -14.4840       -5.1800      -31.9740 
   1   H35      -12.8060       -5.0960      -33.4210 
   1   H36      -12.4360       -6.8000      -33.1800 
   1   H37      -14.3650       -7.3580      -34.6610 
   1   H38      -14.4910       -5.6470      -35.0340 
   1   H39      -12.4250       -5.5910      -36.1100 
   1   H40      -11.9120       -7.0990      -35.3570 
   1   H41      -12.5480       -8.1600      -37.1870 
   1   H42      -14.1950       -7.7250      -36.8110 
   1   H43      -13.9110       -5.6270      -38.0390 
   1   H44      -13.6130       -7.0320      -39.0610 
   1   H45      -11.4800       -5.4050      -37.7260 
   1   H46      -11.2460       -6.7440      -38.8480 
   1   H47      -12.4580       -5.4250      -40.5600 
   1   H48      -12.4620       -4.0650      -39.4300 
   1   H49      -10.0260       -5.4130      -40.5450 
   1   H50      -10.0400       -4.0820      -39.4060 
   1   H51      -10.6550       -3.8500      -41.0290 

