Species#1:
83
83
84
85
319
1
Species#2:
84
83
2
Species#3:
318
90
317
3
90
324
325
326
327
328
329
330
331
91
332
333
334
335
336
337
338
339
92
340
341
342
343
344
345
346
347
95
110
125
140
155
170
185
200
215
224
239
254
269
284
96
111
126
141
156
171
186
201
216
225
240
255
270
285
293
3
107
108
109
122
123
124
137
138
139
152
153
154
167
236
168
237
169
238
182
251
183
252
184
253
197
266
198
267
199
268
212
281
213
282
214
283
302
303
304
300
305
306
307
311
313
3
305
102
103
104
117
118
119
132
133
134
147
148
149
162
231
163
232
164
233
177
246
178
247
179
248
192
261
193
262
194
263
314
315
3
308
Species#4:
89
88
4
101
116
131
146
161
176
191
206
221
230
245
260
275
290
102
103
4
117
118
4
132
133
4
147
148
4
162
163
4
177
178
4
192
193
4
207
208
4
231
232
4
246
247
4
261
262
4
276
277
4
107
108
4
122
123
4
137
138
4
152
153
4
167
168
4
182
183
4
197
198
4
212
213
4
236
237
4
251
252
4
266
267
4
281
282
4
302
303
4
293
90
324
325
326
327
328
329
330
331
91
332
333
334
335
336
337
338
339
92
340
341
342
343
344
345
346
347
95
110
125
140
155
170
185
200
215
224
239
254
269
284
96
111
126
141
156
171
186
201
216
225
240
255
270
285
293
4
294
93
97
112
127
142
157
172
187
202
217
226
241
256
271
286
294
4
295
98
113
128
143
158
173
188
203
218
227
242
257
272
287
99
114
129
144
159
174
189
204
219
228
243
258
273
288
295
4
296
94
100
115
130
145
160
175
190
205
220
229
244
259
274
289
296
4
297
101
116
131
146
161
176
191
206
221
230
245
260
275
290
297
4
298
102
103
104
117
118
119
132
133
134
147
148
149
162
231
163
232
164
233
177
246
178
247
179
248
192
261
193
262
194
263
314
315
4
299
105
120
135
150
165
180
195
210
222
234
249
264
279
291
106
121
136
151
166
181
196
211
223
235
250
265
280
292
301
299
4
300
107
108
109
122
123
124
137
138
139
152
153
154
167
236
168
237
169
238
182
251
183
252
184
253
197
266
198
267
199
268
212
281
213
282
214
283
302
303
304
300
305
306
307
311
313
4
313
306
4
315
309
4
Species#5:
93
93
97
112
127
142
157
172
187
202
217
226
241
256
271
286
294
5
Species#6:
94
94
100
115
130
145
160
175
190
205
220
229
244
259
274
289
296
6
Species#7:
84
Species#8:
318
87
316
317
318
8
Species#9:
87
88
9
90
91
9
308
9
305
306
9
Species#10:
89
92
316
317
318
10
91
10
104
103
10
119
118
10
134
133
10
149
148
10
164
163
10
179
178
10
194
193
10
209
208
10
233
232
10
248
247
10
263
262
10
278
277
10
310
309
10
314
102
103
104
117
118
119
132
133
134
147
148
149
162
231
163
232
164
233
177
246
178
247
179
248
192
261
193
262
194
263
314
315
10
109
108
10
124
123
10
139
138
10
154
153
10
169
168
10
184
183
10
199
198
10
214
213
10
238
237
10
253
252
10
268
267
10
283
282
10
304
303
10
307
306
10
311
107
108
109
122
123
124
137
138
139
152
153
154
167
236
168
237
169
238
182
251
183
252
184
253
197
266
198
267
199
268
212
281
213
282
214
283
302
303
304
300
305
306
307
311
313
10
Species#11:
92
104
119
134
149
164
179
194
209
233
248
263
278
310
314
109
124
139
154
169
184
199
214
304
238
253
268
283
307
311
Species#12:
92
97
93
12
310
307
Species#17:
104
109
112
93
17
Species#22:
119
124
127
93
22
Species#27:
134
139
142
93
27
Species#33:
149
154
157
93
33
Species#43:
164
169
172
93
43
Species#53:
179
184
187
93
53
Species#63:
194
199
202
93
63
Species#73:
209
214
217
93
73
Species#38:
304
226
93
38
Species#48:
233
238
241
93
48
Species#58:
248
253
256
93
58
Species#68:
263
268
271
93
68
Species#78:
278
283
286
93
78
Species#13:
97
98
98
113
128
143
158
173
188
203
218
227
242
257
272
287
99
114
129
144
159
174
189
204
219
228
243
258
273
288
295
13
105
105
120
135
150
165
180
195
210
222
234
249
264
279
291
106
121
136
151
166
181
196
211
223
235
250
265
280
292
301
299
13
Species#18:
112
113
98
113
128
143
158
173
188
203
218
227
242
257
272
287
99
114
129
144
159
174
189
204
219
228
243
258
273
288
295
18
120
105
120
135
150
165
180
195
210
222
234
249
264
279
291
106
121
136
151
166
181
196
211
223
235
250
265
280
292
301
299
18
Species#23:
127
128
98
113
128
143
158
173
188
203
218
227
242
257
272
287
99
114
129
144
159
174
189
204
219
228
243
258
273
288
295
23
135
105
120
135
150
165
180
195
210
222
234
249
264
279
291
106
121
136
151
166
181
196
211
223
235
250
265
280
292
301
299
23
Species#28:
142
143
98
113
128
143
158
173
188
203
218
227
242
257
272
287
99
114
129
144
159
174
189
204
219
228
243
258
273
288
295
28
150
105
120
135
150
165
180
195
210
222
234
249
264
279
291
106
121
136
151
166
181
196
211
223
235
250
265
280
292
301
299
28
Species#34:
157
158
98
113
128
143
158
173
188
203
218
227
242
257
272
287
99
114
129
144
159
174
189
204
219
228
243
258
273
288
295
34
165
105
120
135
150
165
180
195
210
222
234
249
264
279
291
106
121
136
151
166
181
196
211
223
235
250
265
280
292
301
299
34
Species#44:
172
173
98
113
128
143
158
173
188
203
218
227
242
257
272
287
99
114
129
144
159
174
189
204
219
228
243
258
273
288
295
44
180
105
120
135
150
165
180
195
210
222
234
249
264
279
291
106
121
136
151
166
181
196
211
223
235
250
265
280
292
301
299
44
Species#54:
187
188
98
113
128
143
158
173
188
203
218
227
242
257
272
287
99
114
129
144
159
174
189
204
219
228
243
258
273
288
295
54
195
105
120
135
150
165
180
195
210
222
234
249
264
279
291
106
121
136
151
166
181
196
211
223
235
250
265
280
292
301
299
54
Species#64:
202
203
98
113
128
143
158
173
188
203
218
227
242
257
272
287
99
114
129
144
159
174
189
204
219
228
243
258
273
288
295
64
210
105
120
135
150
165
180
195
210
222
234
249
264
279
291
106
121
136
151
166
181
196
211
223
235
250
265
280
292
301
299
64
Species#74:
217
218
98
113
128
143
158
173
188
203
218
227
242
257
272
287
99
114
129
144
159
174
189
204
219
228
243
258
273
288
295
74
222
105
120
135
150
165
180
195
210
222
234
249
264
279
291
106
121
136
151
166
181
196
211
223
235
250
265
280
292
301
299
74
Species#39:
226
227
98
113
128
143
158
173
188
203
218
227
242
257
272
287
99
114
129
144
159
174
189
204
219
228
243
258
273
288
295
39
234
105
120
135
150
165
180
195
210
222
234
249
264
279
291
106
121
136
151
166
181
196
211
223
235
250
265
280
292
301
299
39
Species#49:
241
242
98
113
128
143
158
173
188
203
218
227
242
257
272
287
99
114
129
144
159
174
189
204
219
228
243
258
273
288
295
49
249
105
120
135
150
165
180
195
210
222
234
249
264
279
291
106
121
136
151
166
181
196
211
223
235
250
265
280
292
301
299
49
Species#59:
256
257
98
113
128
143
158
173
188
203
218
227
242
257
272
287
99
114
129
144
159
174
189
204
219
228
243
258
273
288
295
59
264
105
120
135
150
165
180
195
210
222
234
249
264
279
291
106
121
136
151
166
181
196
211
223
235
250
265
280
292
301
299
59
Species#69:
271
272
98
113
128
143
158
173
188
203
218
227
242
257
272
287
99
114
129
144
159
174
189
204
219
228
243
258
273
288
295
69
279
105
120
135
150
165
180
195
210
222
234
249
264
279
291
106
121
136
151
166
181
196
211
223
235
250
265
280
292
301
299
69
Species#79:
286
287
98
113
128
143
158
173
188
203
218
227
242
257
272
287
99
114
129
144
159
174
189
204
219
228
243
258
273
288
295
79
291
105
120
135
150
165
180
195
210
222
234
249
264
279
291
106
121
136
151
166
181
196
211
223
235
250
265
280
292
301
299
79
Species#14:
99
98
113
128
143
158
173
188
203
218
227
242
257
272
287
99
114
129
144
159
174
189
204
219
228
243
258
273
288
295
14
106
105
120
135
150
165
180
195
210
222
234
249
264
279
291
106
121
136
151
166
181
196
211
223
235
250
265
280
292
301
299
14
100
94
14
Species#19:
114
98
113
128
143
158
173
188
203
218
227
242
257
272
287
99
114
129
144
159
174
189
204
219
228
243
258
273
288
295
19
121
105
120
135
150
165
180
195
210
222
234
249
264
279
291
106
121
136
151
166
181
196
211
223
235
250
265
280
292
301
299
19
115
94
19
Species#24:
129
98
113
128
143
158
173
188
203
218
227
242
257
272
287
99
114
129
144
159
174
189
204
219
228
243
258
273
288
295
24
136
105
120
135
150
165
180
195
210
222
234
249
264
279
291
106
121
136
151
166
181
196
211
223
235
250
265
280
292
301
299
24
130
94
24
Species#29:
144
98
113
128
143
158
173
188
203
218
227
242
257
272
287
99
114
129
144
159
174
189
204
219
228
243
258
273
288
295
29
151
105
120
135
150
165
180
195
210
222
234
249
264
279
291
106
121
136
151
166
181
196
211
223
235
250
265
280
292
301
299
29
145
94
29
Species#35:
159
98
113
128
143
158
173
188
203
218
227
242
257
272
287
99
114
129
144
159
174
189
204
219
228
243
258
273
288
295
35
166
105
120
135
150
165
180
195
210
222
234
249
264
279
291
106
121
136
151
166
181
196
211
223
235
250
265
280
292
301
299
35
160
94
35
Species#45:
174
98
113
128
143
158
173
188
203
218
227
242
257
272
287
99
114
129
144
159
174
189
204
219
228
243
258
273
288
295
45
181
105
120
135
150
165
180
195
210
222
234
249
264
279
291
106
121
136
151
166
181
196
211
223
235
250
265
280
292
301
299
45
175
94
45
Species#55:
189
98
113
128
143
158
173
188
203
218
227
242
257
272
287
99
114
129
144
159
174
189
204
219
228
243
258
273
288
295
55
196
105
120
135
150
165
180
195
210
222
234
249
264
279
291
106
121
136
151
166
181
196
211
223
235
250
265
280
292
301
299
55
190
94
55
Species#65:
204
98
113
128
143
158
173
188
203
218
227
242
257
272
287
99
114
129
144
159
174
189
204
219
228
243
258
273
288
295
65
211
105
120
135
150
165
180
195
210
222
234
249
264
279
291
106
121
136
151
166
181
196
211
223
235
250
265
280
292
301
299
65
205
94
65
Species#75:
219
98
113
128
143
158
173
188
203
218
227
242
257
272
287
99
114
129
144
159
174
189
204
219
228
243
258
273
288
295
75
223
105
120
135
150
165
180
195
210
222
234
249
264
279
291
106
121
136
151
166
181
196
211
223
235
250
265
280
292
301
299
75
220
94
75
Species#32:
301
105
120
135
150
165
180
195
210
222
234
249
264
279
291
106
121
136
151
166
181
196
211
223
235
250
265
280
292
301
299
32
302
107
108
109
122
123
124
137
138
139
152
153
154
167
236
168
237
169
238
182
251
183
252
184
253
197
266
198
267
199
268
212
281
213
282
214
283
302
303
304
300
305
306
307
311
313
32
Species#40:
228
98
113
128
143
158
173
188
203
218
227
242
257
272
287
99
114
129
144
159
174
189
204
219
228
243
258
273
288
295
40
235
105
120
135
150
165
180
195
210
222
234
249
264
279
291
106
121
136
151
166
181
196
211
223
235
250
265
280
292
301
299
40
229
94
40
Species#50:
243
98
113
128
143
158
173
188
203
218
227
242
257
272
287
99
114
129
144
159
174
189
204
219
228
243
258
273
288
295
50
250
105
120
135
150
165
180
195
210
222
234
249
264
279
291
106
121
136
151
166
181
196
211
223
235
250
265
280
292
301
299
50
244
94
50
Species#60:
258
98
113
128
143
158
173
188
203
218
227
242
257
272
287
99
114
129
144
159
174
189
204
219
228
243
258
273
288
295
60
265
105
120
135
150
165
180
195
210
222
234
249
264
279
291
106
121
136
151
166
181
196
211
223
235
250
265
280
292
301
299
60
259
94
60
Species#70:
273
98
113
128
143
158
173
188
203
218
227
242
257
272
287
99
114
129
144
159
174
189
204
219
228
243
258
273
288
295
70
280
105
120
135
150
165
180
195
210
222
234
249
264
279
291
106
121
136
151
166
181
196
211
223
235
250
265
280
292
301
299
70
274
94
70
Species#80:
288
98
113
128
143
158
173
188
203
218
227
242
257
272
287
99
114
129
144
159
174
189
204
219
228
243
258
273
288
295
80
292
105
120
135
150
165
180
195
210
222
234
249
264
279
291
106
121
136
151
166
181
196
211
223
235
250
265
280
292
301
299
80
289
94
80
Species#15:
100
101
102
107
101
116
131
146
161
176
191
206
221
230
245
260
275
290
297
15
102
103
104
117
118
119
132
133
134
147
148
149
162
231
163
232
164
233
177
246
178
247
179
248
192
261
193
262
194
263
314
315
15
107
108
109
122
123
124
137
138
139
152
153
154
167
236
168
237
169
238
182
251
183
252
184
253
197
266
198
267
199
268
212
281
213
282
214
283
302
303
304
300
305
306
307
311
313
15
90
324
325
326
327
328
329
330
331
91
332
333
334
335
336
337
338
339
92
340
341
342
343
344
345
346
347
95
110
125
140
155
170
185
200
215
224
239
254
269
284
96
111
126
141
156
171
186
201
216
225
240
255
270
285
293
15
95
91
15
96
Species#20:
115
116
117
122
101
116
131
146
161
176
191
206
221
230
245
260
275
290
297
20
102
103
104
117
118
119
132
133
134
147
148
149
162
231
163
232
164
233
177
246
178
247
179
248
192
261
193
262
194
263
314
315
20
107
108
109
122
123
124
137
138
139
152
153
154
167
236
168
237
169
238
182
251
183
252
184
253
197
266
198
267
199
268
212
281
213
282
214
283
302
303
304
300
305
306
307
311
313
20
90
324
325
326
327
328
329
330
331
91
332
333
334
335
336
337
338
339
92
340
341
342
343
344
345
346
347
95
110
125
140
155
170
185
200
215
224
239
254
269
284
96
111
126
141
156
171
186
201
216
225
240
255
270
285
293
20
110
91
20
111
Species#25:
130
131
132
137
101
116
131
146
161
176
191
206
221
230
245
260
275
290
297
25
102
103
104
117
118
119
132
133
134
147
148
149
162
231
163
232
164
233
177
246
178
247
179
248
192
261
193
262
194
263
314
315
25
107
108
109
122
123
124
137
138
139
152
153
154
167
236
168
237
169
238
182
251
183
252
184
253
197
266
198
267
199
268
212
281
213
282
214
283
302
303
304
300
305
306
307
311
313
25
90
324
325
326
327
328
329
330
331
91
332
333
334
335
336
337
338
339
92
340
341
342
343
344
345
346
347
95
110
125
140
155
170
185
200
215
224
239
254
269
284
96
111
126
141
156
171
186
201
216
225
240
255
270
285
293
25
125
91
25
126
Species#30:
145
146
147
152
101
116
131
146
161
176
191
206
221
230
245
260
275
290
297
30
102
103
104
117
118
119
132
133
134
147
148
149
162
231
163
232
164
233
177
246
178
247
179
248
192
261
193
262
194
263
314
315
30
107
108
109
122
123
124
137
138
139
152
153
154
167
236
168
237
169
238
182
251
183
252
184
253
197
266
198
267
199
268
212
281
213
282
214
283
302
303
304
300
305
306
307
311
313
30
90
324
325
326
327
328
329
330
331
91
332
333
334
335
336
337
338
339
92
340
341
342
343
344
345
346
347
95
110
125
140
155
170
185
200
215
224
239
254
269
284
96
111
126
141
156
171
186
201
216
225
240
255
270
285
293
30
140
91
30
141
Species#36:
160
161
162
167
101
116
131
146
161
176
191
206
221
230
245
260
275
290
297
36
102
103
104
117
118
119
132
133
134
147
148
149
162
231
163
232
164
233
177
246
178
247
179
248
192
261
193
262
194
263
314
315
36
107
108
109
122
123
124
137
138
139
152
153
154
167
236
168
237
169
238
182
251
183
252
184
253
197
266
198
267
199
268
212
281
213
282
214
283
302
303
304
300
305
306
307
311
313
36
90
324
325
326
327
328
329
330
331
91
332
333
334
335
336
337
338
339
92
340
341
342
343
344
345
346
347
95
110
125
140
155
170
185
200
215
224
239
254
269
284
96
111
126
141
156
171
186
201
216
225
240
255
270
285
293
36
155
91
36
156
Species#46:
175
176
177
182
101
116
131
146
161
176
191
206
221
230
245
260
275
290
297
46
102
103
104
117
118
119
132
133
134
147
148
149
162
231
163
232
164
233
177
246
178
247
179
248
192
261
193
262
194
263
314
315
46
107
108
109
122
123
124
137
138
139
152
153
154
167
236
168
237
169
238
182
251
183
252
184
253
197
266
198
267
199
268
212
281
213
282
214
283
302
303
304
300
305
306
307
311
313
46
90
324
325
326
327
328
329
330
331
91
332
333
334
335
336
337
338
339
92
340
341
342
343
344
345
346
347
95
110
125
140
155
170
185
200
215
224
239
254
269
284
96
111
126
141
156
171
186
201
216
225
240
255
270
285
293
46
170
91
46
171
Species#56:
190
191
192
197
101
116
131
146
161
176
191
206
221
230
245
260
275
290
297
56
102
103
104
117
118
119
132
133
134
147
148
149
162
231
163
232
164
233
177
246
178
247
179
248
192
261
193
262
194
263
314
315
56
107
108
109
122
123
124
137
138
139
152
153
154
167
236
168
237
169
238
182
251
183
252
184
253
197
266
198
267
199
268
212
281
213
282
214
283
302
303
304
300
305
306
307
311
313
56
90
324
325
326
327
328
329
330
331
91
332
333
334
335
336
337
338
339
92
340
341
342
343
344
345
346
347
95
110
125
140
155
170
185
200
215
224
239
254
269
284
96
111
126
141
156
171
186
201
216
225
240
255
270
285
293
56
185
91
56
186
Species#66:
205
206
207
212
101
116
131
146
161
176
191
206
221
230
245
260
275
290
297
66
102
103
104
117
118
119
132
133
134
147
148
149
162
231
163
232
164
233
177
246
178
247
179
248
192
261
193
262
194
263
314
315
66
107
108
109
122
123
124
137
138
139
152
153
154
167
236
168
237
169
238
182
251
183
252
184
253
197
266
198
267
199
268
212
281
213
282
214
283
302
303
304
300
305
306
307
311
313
66
90
324
325
326
327
328
329
330
331
91
332
333
334
335
336
337
338
339
92
340
341
342
343
344
345
346
347
95
110
125
140
155
170
185
200
215
224
239
254
269
284
96
111
126
141
156
171
186
201
216
225
240
255
270
285
293
66
200
91
66
201
Species#76:
220
221
101
116
131
146
161
176
191
206
221
230
245
260
275
290
297
76
90
324
325
326
327
328
329
330
331
91
332
333
334
335
336
337
338
339
92
340
341
342
343
344
345
346
347
95
110
125
140
155
170
185
200
215
224
239
254
269
284
96
111
126
141
156
171
186
201
216
225
240
255
270
285
293
76
215
91
76
216
Species#41:
229
230
231
236
101
116
131
146
161
176
191
206
221
230
245
260
275
290
297
41
102
103
104
117
118
119
132
133
134
147
148
149
162
231
163
232
164
233
177
246
178
247
179
248
192
261
193
262
194
263
314
315
41
107
108
109
122
123
124
137
138
139
152
153
154
167
236
168
237
169
238
182
251
183
252
184
253
197
266
198
267
199
268
212
281
213
282
214
283
302
303
304
300
305
306
307
311
313
41
90
324
325
326
327
328
329
330
331
91
332
333
334
335
336
337
338
339
92
340
341
342
343
344
345
346
347
95
110
125
140
155
170
185
200
215
224
239
254
269
284
96
111
126
141
156
171
186
201
216
225
240
255
270
285
293
41
224
91
41
225
Species#51:
244
245
246
251
101
116
131
146
161
176
191
206
221
230
245
260
275
290
297
51
102
103
104
117
118
119
132
133
134
147
148
149
162
231
163
232
164
233
177
246
178
247
179
248
192
261
193
262
194
263
314
315
51
107
108
109
122
123
124
137
138
139
152
153
154
167
236
168
237
169
238
182
251
183
252
184
253
197
266
198
267
199
268
212
281
213
282
214
283
302
303
304
300
305
306
307
311
313
51
90
324
325
326
327
328
329
330
331
91
332
333
334
335
336
337
338
339
92
340
341
342
343
344
345
346
347
95
110
125
140
155
170
185
200
215
224
239
254
269
284
96
111
126
141
156
171
186
201
216
225
240
255
270
285
293
51
239
91
51
240
Species#61:
259
260
261
266
101
116
131
146
161
176
191
206
221
230
245
260
275
290
297
61
102
103
104
117
118
119
132
133
134
147
148
149
162
231
163
232
164
233
177
246
178
247
179
248
192
261
193
262
194
263
314
315
61
107
108
109
122
123
124
137
138
139
152
153
154
167
236
168
237
169
238
182
251
183
252
184
253
197
266
198
267
199
268
212
281
213
282
214
283
302
303
304
300
305
306
307
311
313
61
90
324
325
326
327
328
329
330
331
91
332
333
334
335
336
337
338
339
92
340
341
342
343
344
345
346
347
95
110
125
140
155
170
185
200
215
224
239
254
269
284
96
111
126
141
156
171
186
201
216
225
240
255
270
285
293
61
254
91
61
255
Species#71:
274
275
276
281
101
116
131
146
161
176
191
206
221
230
245
260
275
290
297
71
102
103
104
117
118
119
132
133
134
147
148
149
162
231
163
232
164
233
177
246
178
247
179
248
192
261
193
262
194
263
314
315
71
107
108
109
122
123
124
137
138
139
152
153
154
167
236
168
237
169
238
182
251
183
252
184
253
197
266
198
267
199
268
212
281
213
282
214
283
302
303
304
300
305
306
307
311
313
71
90
324
325
326
327
328
329
330
331
91
332
333
334
335
336
337
338
339
92
340
341
342
343
344
345
346
347
95
110
125
140
155
170
185
200
215
224
239
254
269
284
96
111
126
141
156
171
186
201
216
225
240
255
270
285
293
71
269
91
71
270
Species#81:
289
290
101
116
131
146
161
176
191
206
221
230
245
260
275
290
297
81
90
324
325
326
327
328
329
330
331
91
332
333
334
335
336
337
338
339
92
340
341
342
343
344
345
346
347
95
110
125
140
155
170
185
200
215
224
239
254
269
284
96
111
126
141
156
171
186
201
216
225
240
255
270
285
293
81
284
91
81
285
Species#16:
101
Species#21:
116
Species#26:
131
Species#31:
146
Species#37:
161
Species#47:
176
Species#57:
191
Species#67:
206
Species#77:
221
Species#42:
230
Species#52:
245
Species#62:
260
Species#72:
275
Species#82:
290
Species#83:
83
84
85
319
1
84
83
83
2
Species#84:
83
2
84
84
Species#85:
84
319
319
86
316
85
Species#319:
319
86
316
85
319
319
Species#86:
319
316
316
317
318
86
Species#316:
316
317
318
86
319
86
316
317
316
316
Species#317:
316
318
319
86
316
317
317
3
Species#318:
317
3
318
316
317
318
8
Species#87:
316
317
318
8
88
9
87
87
Species#88:
87
89
88
9
88
4
Species#89:
88
4
316
317
318
10
89
89
Species#90:
90
324
325
326
327
328
329
330
331
91
332
333
334
335
336
337
338
339
92
340
341
342
343
344
345
346
347
95
110
125
140
155
170
185
200
215
224
239
254
269
284
96
111
126
141
156
171
186
201
216
225
240
255
270
285
293
3
91
9
90
90
Species#91:
90
92
91
9
91
10
96
91
15
111
91
20
126
91
25
141
91
30
156
91
36
171
91
46
186
91
56
201
91
66
216
91
76
225
91
41
240
91
51
255
91
61
270
91
71
285
91
81
Species#92:
91
10
92
92
Species#93:
93
97
112
127
142
157
172
187
202
217
226
241
256
271
286
294
5
93
97
93
12
112
93
17
127
93
22
142
93
27
157
93
33
172
93
43
187
93
53
202
93
63
217
93
73
226
93
38
241
93
48
256
93
58
271
93
68
286
93
78
Species#97:
93
12
97
97
Species#112:
93
17
112
112
Species#127:
93
22
127
127
Species#142:
93
27
142
142
Species#157:
93
33
157
157
Species#172:
93
43
172
172
Species#187:
93
53
187
187
Species#202:
93
63
202
202
Species#217:
93
73
217
217
Species#226:
93
38
226
226
Species#241:
93
48
241
241
Species#256:
93
58
256
256
Species#271:
93
68
271
271
Species#286:
93
78
286
286
Species#98:
98
113
128
143
158
173
188
203
218
227
242
257
272
287
99
114
129
144
159
174
189
204
219
228
243
258
273
288
295
13
98
98
99
Species#113:
98
113
128
143
158
173
188
203
218
227
242
257
272
287
99
114
129
144
159
174
189
204
219
228
243
258
273
288
295
18
113
113
114
Species#128:
98
113
128
143
158
173
188
203
218
227
242
257
272
287
99
114
129
144
159
174
189
204
219
228
243
258
273
288
295
23
128
128
129
Species#143:
98
113
128
143
158
173
188
203
218
227
242
257
272
287
99
114
129
144
159
174
189
204
219
228
243
258
273
288
295
28
143
143
144
Species#158:
98
113
128
143
158
173
188
203
218
227
242
257
272
287
99
114
129
144
159
174
189
204
219
228
243
258
273
288
295
34
158
158
159
Species#173:
98
113
128
143
158
173
188
203
218
227
242
257
272
287
99
114
129
144
159
174
189
204
219
228
243
258
273
288
295
44
173
173
174
Species#188:
98
113
128
143
158
173
188
203
218
227
242
257
272
287
99
114
129
144
159
174
189
204
219
228
243
258
273
288
295
54
188
188
189
Species#203:
98
113
128
143
158
173
188
203
218
227
242
257
272
287
99
114
129
144
159
174
189
204
219
228
243
258
273
288
295
64
203
203
204
Species#218:
98
113
128
143
158
173
188
203
218
227
242
257
272
287
99
114
129
144
159
174
189
204
219
228
243
258
273
288
295
74
218
218
219
Species#227:
98
113
128
143
158
173
188
203
218
227
242
257
272
287
99
114
129
144
159
174
189
204
219
228
243
258
273
288
295
39
227
227
228
Species#242:
98
113
128
143
158
173
188
203
218
227
242
257
272
287
99
114
129
144
159
174
189
204
219
228
243
258
273
288
295
49
242
242
243
Species#257:
98
113
128
143
158
173
188
203
218
227
242
257
272
287
99
114
129
144
159
174
189
204
219
228
243
258
273
288
295
59
257
257
258
Species#272:
98
113
128
143
158
173
188
203
218
227
242
257
272
287
99
114
129
144
159
174
189
204
219
228
243
258
273
288
295
69
272
272
273
Species#287:
98
113
128
143
158
173
188
203
218
227
242
257
272
287
99
114
129
144
159
174
189
204
219
228
243
258
273
288
295
79
287
287
288
Species#99:
98
99
99
98
113
128
143
158
173
188
203
218
227
242
257
272
287
99
114
129
144
159
174
189
204
219
228
243
258
273
288
295
14
Species#114:
113
114
114
98
113
128
143
158
173
188
203
218
227
242
257
272
287
99
114
129
144
159
174
189
204
219
228
243
258
273
288
295
19
Species#129:
128
129
129
98
113
128
143
158
173
188
203
218
227
242
257
272
287
99
114
129
144
159
174
189
204
219
228
243
258
273
288
295
24
Species#144:
143
144
144
98
113
128
143
158
173
188
203
218
227
242
257
272
287
99
114
129
144
159
174
189
204
219
228
243
258
273
288
295
29
Species#159:
158
159
159
98
113
128
143
158
173
188
203
218
227
242
257
272
287
99
114
129
144
159
174
189
204
219
228
243
258
273
288
295
35
Species#174:
173
174
174
98
113
128
143
158
173
188
203
218
227
242
257
272
287
99
114
129
144
159
174
189
204
219
228
243
258
273
288
295
45
Species#189:
188
189
189
98
113
128
143
158
173
188
203
218
227
242
257
272
287
99
114
129
144
159
174
189
204
219
228
243
258
273
288
295
55
Species#204:
203
204
204
98
113
128
143
158
173
188
203
218
227
242
257
272
287
99
114
129
144
159
174
189
204
219
228
243
258
273
288
295
65
Species#219:
218
219
219
98
113
128
143
158
173
188
203
218
227
242
257
272
287
99
114
129
144
159
174
189
204
219
228
243
258
273
288
295
75
Species#228:
227
228
228
98
113
128
143
158
173
188
203
218
227
242
257
272
287
99
114
129
144
159
174
189
204
219
228
243
258
273
288
295
40
Species#243:
242
243
243
98
113
128
143
158
173
188
203
218
227
242
257
272
287
99
114
129
144
159
174
189
204
219
228
243
258
273
288
295
50
Species#258:
257
258
258
98
113
128
143
158
173
188
203
218
227
242
257
272
287
99
114
129
144
159
174
189
204
219
228
243
258
273
288
295
60
Species#273:
272
273
273
98
113
128
143
158
173
188
203
218
227
242
257
272
287
99
114
129
144
159
174
189
204
219
228
243
258
273
288
295
70
Species#288:
287
288
288
98
113
128
143
158
173
188
203
218
227
242
257
272
287
99
114
129
144
159
174
189
204
219
228
243
258
273
288
295
80
Species#105:
105
120
135
150
165
180
195
210
222
234
249
264
279
291
106
121
136
151
166
181
196
211
223
235
250
265
280
292
301
299
13
105
105
106
Species#120:
105
120
135
150
165
180
195
210
222
234
249
264
279
291
106
121
136
151
166
181
196
211
223
235
250
265
280
292
301
299
18
120
120
121
Species#135:
105
120
135
150
165
180
195
210
222
234
249
264
279
291
106
121
136
151
166
181
196
211
223
235
250
265
280
292
301
299
23
135
135
136
Species#150:
105
120
135
150
165
180
195
210
222
234
249
264
279
291
106
121
136
151
166
181
196
211
223
235
250
265
280
292
301
299
28
150
150
151
Species#165:
105
120
135
150
165
180
195
210
222
234
249
264
279
291
106
121
136
151
166
181
196
211
223
235
250
265
280
292
301
299
34
165
165
166
Species#180:
105
120
135
150
165
180
195
210
222
234
249
264
279
291
106
121
136
151
166
181
196
211
223
235
250
265
280
292
301
299
44
180
180
181
Species#195:
105
120
135
150
165
180
195
210
222
234
249
264
279
291
106
121
136
151
166
181
196
211
223
235
250
265
280
292
301
299
54
195
195
196
Species#210:
105
120
135
150
165
180
195
210
222
234
249
264
279
291
106
121
136
151
166
181
196
211
223
235
250
265
280
292
301
299
64
210
210
211
Species#222:
105
120
135
150
165
180
195
210
222
234
249
264
279
291
106
121
136
151
166
181
196
211
223
235
250
265
280
292
301
299
74
222
222
223
Species#234:
105
120
135
150
165
180
195
210
222
234
249
264
279
291
106
121
136
151
166
181
196
211
223
235
250
265
280
292
301
299
39
234
234
235
Species#249:
105
120
135
150
165
180
195
210
222
234
249
264
279
291
106
121
136
151
166
181
196
211
223
235
250
265
280
292
301
299
49
249
249
250
Species#264:
105
120
135
150
165
180
195
210
222
234
249
264
279
291
106
121
136
151
166
181
196
211
223
235
250
265
280
292
301
299
59
264
264
265
Species#279:
105
120
135
150
165
180
195
210
222
234
249
264
279
291
106
121
136
151
166
181
196
211
223
235
250
265
280
292
301
299
69
279
279
280
Species#291:
105
120
135
150
165
180
195
210
222
234
249
264
279
291
106
121
136
151
166
181
196
211
223
235
250
265
280
292
301
299
79
291
291
292
Species#106:
105
106
106
105
120
135
150
165
180
195
210
222
234
249
264
279
291
106
121
136
151
166
181
196
211
223
235
250
265
280
292
301
299
14
Species#121:
120
121
121
105
120
135
150
165
180
195
210
222
234
249
264
279
291
106
121
136
151
166
181
196
211
223
235
250
265
280
292
301
299
19
Species#136:
135
136
136
105
120
135
150
165
180
195
210
222
234
249
264
279
291
106
121
136
151
166
181
196
211
223
235
250
265
280
292
301
299
24
Species#151:
150
151
151
105
120
135
150
165
180
195
210
222
234
249
264
279
291
106
121
136
151
166
181
196
211
223
235
250
265
280
292
301
299
29
151
301
Species#166:
165
166
166
105
120
135
150
165
180
195
210
222
234
249
264
279
291
106
121
136
151
166
181
196
211
223
235
250
265
280
292
301
299
35
Species#181:
180
181
181
105
120
135
150
165
180
195
210
222
234
249
264
279
291
106
121
136
151
166
181
196
211
223
235
250
265
280
292
301
299
45
Species#196:
195
196
196
105
120
135
150
165
180
195
210
222
234
249
264
279
291
106
121
136
151
166
181
196
211
223
235
250
265
280
292
301
299
55
Species#211:
210
211
211
105
120
135
150
165
180
195
210
222
234
249
264
279
291
106
121
136
151
166
181
196
211
223
235
250
265
280
292
301
299
65
Species#223:
222
223
223
105
120
135
150
165
180
195
210
222
234
249
264
279
291
106
121
136
151
166
181
196
211
223
235
250
265
280
292
301
299
75
Species#301:
151
301
301
105
120
135
150
165
180
195
210
222
234
249
264
279
291
106
121
136
151
166
181
196
211
223
235
250
265
280
292
301
299
32
Species#235:
234
235
235
105
120
135
150
165
180
195
210
222
234
249
264
279
291
106
121
136
151
166
181
196
211
223
235
250
265
280
292
301
299
40
Species#250:
249
250
250
105
120
135
150
165
180
195
210
222
234
249
264
279
291
106
121
136
151
166
181
196
211
223
235
250
265
280
292
301
299
50
Species#265:
264
265
265
105
120
135
150
165
180
195
210
222
234
249
264
279
291
106
121
136
151
166
181
196
211
223
235
250
265
280
292
301
299
60
Species#280:
279
280
280
105
120
135
150
165
180
195
210
222
234
249
264
279
291
106
121
136
151
166
181
196
211
223
235
250
265
280
292
301
299
70
Species#292:
291
292
292
105
120
135
150
165
180
195
210
222
234
249
264
279
291
106
121
136
151
166
181
196
211
223
235
250
265
280
292
301
299
80
Species#94:
94
100
115
130
145
160
175
190
205
220
229
244
259
274
289
296
6
94
100
94
14
115
94
19
130
94
24
145
94
29
160
94
35
175
94
45
190
94
55
205
94
65
220
94
75
229
94
40
244
94
50
259
94
60
274
94
70
289
94
80
Species#100:
94
14
100
100
Species#115:
94
19
115
115
Species#130:
94
24
130
130
Species#145:
94
29
145
145
Species#160:
94
35
160
160
Species#175:
94
45
175
175
Species#190:
94
55
190
190
Species#205:
94
65
205
205
Species#220:
94
75
220
220
Species#229:
94
40
229
229
Species#244:
94
50
244
244
Species#259:
94
60
259
259
Species#274:
94
70
274
274
Species#289:
94
80
289
289
Species#101:
101
116
131
146
161
176
191
206
221
230
245
260
275
290
297
15
101
101
Species#116:
101
116
131
146
161
176
191
206
221
230
245
260
275
290
297
20
116
116
Species#131:
101
116
131
146
161
176
191
206
221
230
245
260
275
290
297
25
131
131
Species#146:
101
116
131
146
161
176
191
206
221
230
245
260
275
290
297
30
146
146
Species#161:
101
116
131
146
161
176
191
206
221
230
245
260
275
290
297
36
161
161
Species#176:
101
116
131
146
161
176
191
206
221
230
245
260
275
290
297
46
176
176
Species#191:
101
116
131
146
161
176
191
206
221
230
245
260
275
290
297
56
191
191
Species#206:
101
116
131
146
161
176
191
206
221
230
245
260
275
290
297
66
206
206
Species#221:
101
116
131
146
161
176
191
206
221
230
245
260
275
290
297
76
221
221
Species#230:
101
116
131
146
161
176
191
206
221
230
245
260
275
290
297
41
230
230
Species#245:
101
116
131
146
161
176
191
206
221
230
245
260
275
290
297
51
245
245
Species#260:
101
116
131
146
161
176
191
206
221
230
245
260
275
290
297
61
260
260
Species#275:
101
116
131
146
161
176
191
206
221
230
245
260
275
290
297
71
275
275
Species#290:
101
116
131
146
161
176
191
206
221
230
245
260
275
290
297
81
290
290
Species#102:
102
103
104
117
118
119
132
133
134
147
148
149
162
231
163
232
164
233
177
246
178
247
179
248
192
261
193
262
194
263
314
315
15
103
4
102
102
Species#117:
102
103
104
117
118
119
132
133
134
147
148
149
162
231
163
232
164
233
177
246
178
247
179
248
192
261
193
262
194
263
314
315
20
118
4
117
117
Species#132:
102
103
104
117
118
119
132
133
134
147
148
149
162
231
163
232
164
233
177
246
178
247
179
248
192
261
193
262
194
263
314
315
25
133
4
132
132
Species#147:
102
103
104
117
118
119
132
133
134
147
148
149
162
231
163
232
164
233
177
246
178
247
179
248
192
261
193
262
194
263
314
315
30
148
4
147
147
Species#162:
102
103
104
117
118
119
132
133
134
147
148
149
162
231
163
232
164
233
177
246
178
247
179
248
192
261
193
262
194
263
314
315
36
163
4
162
162
Species#177:
102
103
104
117
118
119
132
133
134
147
148
149
162
231
163
232
164
233
177
246
178
247
179
248
192
261
193
262
194
263
314
315
46
178
4
177
177
Species#192:
102
103
104
117
118
119
132
133
134
147
148
149
162
231
163
232
164
233
177
246
178
247
179
248
192
261
193
262
194
263
314
315
56
193
4
192
192
Species#207:
102
103
104
117
118
119
132
133
134
147
148
149
162
231
163
232
164
233
177
246
178
247
179
248
192
261
193
262
194
263
314
315
66
208
4
207
207
Species#231:
102
103
104
117
118
119
132
133
134
147
148
149
162
231
163
232
164
233
177
246
178
247
179
248
192
261
193
262
194
263
314
315
41
232
4
231
231
Species#246:
102
103
104
117
118
119
132
133
134
147
148
149
162
231
163
232
164
233
177
246
178
247
179
248
192
261
193
262
194
263
314
315
51
247
4
246
246
Species#261:
102
103
104
117
118
119
132
133
134
147
148
149
162
231
163
232
164
233
177
246
178
247
179
248
192
261
193
262
194
263
314
315
61
262
4
261
261
Species#276:
102
103
104
117
118
119
132
133
134
147
148
149
162
231
163
232
164
233
177
246
178
247
179
248
192
261
193
262
194
263
314
315
71
277
4
276
276
Species#103:
102
104
103
4
103
10
Species#118:
117
119
118
4
118
10
Species#133:
132
134
133
4
133
10
Species#148:
147
149
148
4
148
10
Species#163:
162
164
163
4
163
10
Species#178:
177
179
178
4
178
10
Species#193:
192
194
193
4
193
10
Species#208:
207
209
208
4
208
10
Species#232:
231
233
232
4
232
10
Species#247:
246
248
247
4
247
10
Species#262:
261
263
262
4
262
10
Species#277:
276
278
277
4
277
10
Species#104:
103
10
104
104
Species#119:
118
10
119
119
Species#134:
133
10
134
134
Species#149:
148
10
149
149
Species#164:
163
10
164
164
Species#179:
178
10
179
179
Species#194:
193
10
194
194
Species#209:
208
10
209
209
Species#233:
232
10
233
233
Species#248:
247
10
248
248
Species#263:
262
10
263
263
Species#278:
277
10
278
278
Species#107:
107
108
109
122
123
124
137
138
139
152
153
154
167
236
168
237
169
238
182
251
183
252
184
253
197
266
198
267
199
268
212
281
213
282
214
283
302
303
304
300
305
306
307
311
313
15
108
4
107
107
Species#122:
107
108
109
122
123
124
137
138
139
152
153
154
167
236
168
237
169
238
182
251
183
252
184
253
197
266
198
267
199
268
212
281
213
282
214
283
302
303
304
300
305
306
307
311
313
20
123
4
122
122
Species#137:
107
108
109
122
123
124
137
138
139
152
153
154
167
236
168
237
169
238
182
251
183
252
184
253
197
266
198
267
199
268
212
281
213
282
214
283
302
303
304
300
305
306
307
311
313
25
138
4
137
137
Species#152:
107
108
109
122
123
124
137
138
139
152
153
154
167
236
168
237
169
238
182
251
183
252
184
253
197
266
198
267
199
268
212
281
213
282
214
283
302
303
304
300
305
306
307
311
313
30
153
4
152
152
Species#167:
107
108
109
122
123
124
137
138
139
152
153
154
167
236
168
237
169
238
182
251
183
252
184
253
197
266
198
267
199
268
212
281
213
282
214
283
302
303
304
300
305
306
307
311
313
36
168
4
167
167
Species#182:
107
108
109
122
123
124
137
138
139
152
153
154
167
236
168
237
169
238
182
251
183
252
184
253
197
266
198
267
199
268
212
281
213
282
214
283
302
303
304
300
305
306
307
311
313
46
183
4
182
182
Species#197:
107
108
109
122
123
124
137
138
139
152
153
154
167
236
168
237
169
238
182
251
183
252
184
253
197
266
198
267
199
268
212
281
213
282
214
283
302
303
304
300
305
306
307
311
313
56
198
4
197
197
Species#212:
107
108
109
122
123
124
137
138
139
152
153
154
167
236
168
237
169
238
182
251
183
252
184
253
197
266
198
267
199
268
212
281
213
282
214
283
302
303
304
300
305
306
307
311
313
66
213
4
212
212
Species#236:
107
108
109
122
123
124
137
138
139
152
153
154
167
236
168
237
169
238
182
251
183
252
184
253
197
266
198
267
199
268
212
281
213
282
214
283
302
303
304
300
305
306
307
311
313
41
237
4
236
236
Species#251:
107
108
109
122
123
124
137
138
139
152
153
154
167
236
168
237
169
238
182
251
183
252
184
253
197
266
198
267
199
268
212
281
213
282
214
283
302
303
304
300
305
306
307
311
313
51
252
4
251
251
Species#266:
107
108
109
122
123
124
137
138
139
152
153
154
167
236
168
237
169
238
182
251
183
252
184
253
197
266
198
267
199
268
212
281
213
282
214
283
302
303
304
300
305
306
307
311
313
61
267
4
266
266
Species#281:
107
108
109
122
123
124
137
138
139
152
153
154
167
236
168
237
169
238
182
251
183
252
184
253
197
266
198
267
199
268
212
281
213
282
214
283
302
303
304
300
305
306
307
311
313
71
282
4
281
281
Species#108:
107
109
108
4
108
10
Species#123:
122
124
123
4
123
10
Species#138:
137
139
138
4
138
10
Species#153:
152
154
153
4
153
10
Species#168:
167
169
168
4
168
10
Species#183:
182
184
183
4
183
10
Species#198:
197
199
198
4
198
10
Species#213:
212
214
213
4
213
10
Species#237:
236
238
237
4
237
10
Species#252:
251
253
252
4
252
10
Species#267:
266
268
267
4
267
10
Species#282:
281
283
282
4
282
10
Species#109:
108
10
109
109
Species#124:
123
10
124
124
Species#139:
138
10
139
139
Species#154:
153
10
154
154
Species#169:
168
10
169
169
Species#184:
183
10
184
184
Species#199:
198
10
199
199
Species#214:
213
10
214
214
Species#238:
237
10
238
238
Species#253:
252
10
253
253
Species#268:
267
10
268
268
Species#283:
282
10
283
283
Species#302:
107
108
109
122
123
124
137
138
139
152
153
154
167
236
168
237
169
238
182
251
183
252
184
253
197
266
198
267
199
268
212
281
213
282
214
283
302
303
304
300
305
306
307
311
313
32
303
4
302
302
Species#303:
302
304
303
4
303
10
Species#304:
303
10
304
304
Species#95:
90
324
325
326
327
328
329
330
331
91
332
333
334
335
336
337
338
339
92
340
341
342
343
344
345
346
347
95
110
125
140
155
170
185
200
215
224
239
254
269
284
96
111
126
141
156
171
186
201
216
225
240
255
270
285
293
15
95
Species#110:
90
324
325
326
327
328
329
330
331
91
332
333
334
335
336
337
338
339
92
340
341
342
343
344
345
346
347
95
110
125
140
155
170
185
200
215
224
239
254
269
284
96
111
126
141
156
171
186
201
216
225
240
255
270
285
293
20
110
Species#125:
90
324
325
326
327
328
329
330
331
91
332
333
334
335
336
337
338
339
92
340
341
342
343
344
345
346
347
95
110
125
140
155
170
185
200
215
224
239
254
269
284
96
111
126
141
156
171
186
201
216
225
240
255
270
285
293
25
125
Species#140:
90
324
325
326
327
328
329
330
331
91
332
333
334
335
336
337
338
339
92
340
341
342
343
344
345
346
347
95
110
125
140
155
170
185
200
215
224
239
254
269
284
96
111
126
141
156
171
186
201
216
225
240
255
270
285
293
30
140
Species#155:
90
324
325
326
327
328
329
330
331
91
332
333
334
335
336
337
338
339
92
340
341
342
343
344
345
346
347
95
110
125
140
155
170
185
200
215
224
239
254
269
284
96
111
126
141
156
171
186
201
216
225
240
255
270
285
293
36
155
Species#170:
90
324
325
326
327
328
329
330
331
91
332
333
334
335
336
337
338
339
92
340
341
342
343
344
345
346
347
95
110
125
140
155
170
185
200
215
224
239
254
269
284
96
111
126
141
156
171
186
201
216
225
240
255
270
285
293
46
170
Species#185:
90
324
325
326
327
328
329
330
331
91
332
333
334
335
336
337
338
339
92
340
341
342
343
344
345
346
347
95
110
125
140
155
170
185
200
215
224
239
254
269
284
96
111
126
141
156
171
186
201
216
225
240
255
270
285
293
56
185
Species#200:
90
324
325
326
327
328
329
330
331
91
332
333
334
335
336
337
338
339
92
340
341
342
343
344
345
346
347
95
110
125
140
155
170
185
200
215
224
239
254
269
284
96
111
126
141
156
171
186
201
216
225
240
255
270
285
293
66
200
Species#215:
90
324
325
326
327
328
329
330
331
91
332
333
334
335
336
337
338
339
92
340
341
342
343
344
345
346
347
95
110
125
140
155
170
185
200
215
224
239
254
269
284
96
111
126
141
156
171
186
201
216
225
240
255
270
285
293
76
215
Species#224:
90
324
325
326
327
328
329
330
331
91
332
333
334
335
336
337
338
339
92
340
341
342
343
344
345
346
347
95
110
125
140
155
170
185
200
215
224
239
254
269
284
96
111
126
141
156
171
186
201
216
225
240
255
270
285
293
41
224
Species#239:
90
324
325
326
327
328
329
330
331
91
332
333
334
335
336
337
338
339
92
340
341
342
343
344
345
346
347
95
110
125
140
155
170
185
200
215
224
239
254
269
284
96
111
126
141
156
171
186
201
216
225
240
255
270
285
293
51
239
Species#254:
90
324
325
326
327
328
329
330
331
91
332
333
334
335
336
337
338
339
92
340
341
342
343
344
345
346
347
95
110
125
140
155
170
185
200
215
224
239
254
269
284
96
111
126
141
156
171
186
201
216
225
240
255
270
285
293
61
254
Species#269:
90
324
325
326
327
328
329
330
331
91
332
333
334
335
336
337
338
339
92
340
341
342
343
344
345
346
347
95
110
125
140
155
170
185
200
215
224
239
254
269
284
96
111
126
141
156
171
186
201
216
225
240
255
270
285
293
71
269
Species#284:
90
324
325
326
327
328
329
330
331
91
332
333
334
335
336
337
338
339
92
340
341
342
343
344
345
346
347
95
110
125
140
155
170
185
200
215
224
239
254
269
284
96
111
126
141
156
171
186
201
216
225
240
255
270
285
293
81
284
Species#96:
91
15
96
Species#111:
91
20
111
Species#126:
91
25
126
Species#141:
91
30
141
Species#156:
91
36
156
Species#171:
91
46
171
Species#186:
91
56
186
Species#201:
91
66
201
Species#216:
91
76
216
Species#225:
91
41
225
Species#240:
91
51
240
Species#255:
91
61
255
Species#270:
91
71
270
Species#285:
91
81
285
Species#297:
101
116
131
146
161
176
191
206
221
230
245
260
275
290
297
4
297
Species#293:
90
324
325
326
327
328
329
330
331
91
332
333
334
335
336
337
338
339
92
340
341
342
343
344
345
346
347
95
110
125
140
155
170
185
200
215
224
239
254
269
284
96
111
126
141
156
171
186
201
216
225
240
255
270
285
293
4
293
Species#294:
93
97
112
127
142
157
172
187
202
217
226
241
256
271
286
294
4
294
Species#295:
98
113
128
143
158
173
188
203
218
227
242
257
272
287
99
114
129
144
159
174
189
204
219
228
243
258
273
288
295
4
295
Species#296:
94
100
115
130
145
160
175
190
205
220
229
244
259
274
289
296
4
296
Species#298:
102
103
104
117
118
119
132
133
134
147
148
149
162
231
163
232
164
233
177
246
178
247
179
248
192
261
193
262
194
263
314
315
4
298
Species#299:
105
120
135
150
165
180
195
210
222
234
249
264
279
291
106
121
136
151
166
181
196
211
223
235
250
265
280
292
301
299
4
299
Species#300:
107
108
109
122
123
124
137
138
139
152
153
154
167
236
168
237
169
238
182
251
183
252
184
253
197
266
198
267
199
268
212
281
213
282
214
283
302
303
304
300
305
306
307
311
313
4
300
Species#305:
107
108
109
122
123
124
137
138
139
152
153
154
167
236
168
237
169
238
182
251
183
252
184
253
197
266
198
267
199
268
212
281
213
282
214
283
302
303
304
300
305
306
307
311
313
3
305
305
306
9
Species#306:
305
306
9
306
10
307
313
306
4
Species#307:
306
10
307
307
Species#308:
102
103
104
117
118
119
132
133
134
147
148
149
162
231
163
232
164
233
177
246
178
247
179
248
192
261
193
262
194
263
314
315
3
308
308
309
9
Species#309:
308
309
9
309
10
310
315
309
4
Species#310:
309
10
310
310
Species#311:
107
108
109
122
123
124
137
138
139
152
153
154
167
236
168
237
169
238
182
251
183
252
184
253
197
266
198
267
199
268
212
281
213
282
214
283
302
303
304
300
305
306
307
311
313
10
311
311
Species#312:
313
107
108
109
122
123
124
137
138
139
152
153
154
167
236
168
237
169
238
182
251
183
252
184
253
197
266
198
267
199
268
212
281
213
282
214
283
302
303
304
300
305
306
307
311
313
312
315
102
103
104
117
118
119
132
133
134
147
148
149
162
231
163
232
164
233
177
246
178
247
179
248
192
261
193
262
194
263
314
315
312
Species#313:
311
107
108
109
122
123
124
137
138
139
152
153
154
167
236
168
237
169
238
182
251
183
252
184
253
197
266
198
267
199
268
212
281
213
282
214
283
302
303
304
300
305
306
307
311
313
312
313
313
306
4
Species#314:
102
103
104
117
118
119
132
133
134
147
148
149
162
231
163
232
164
233
177
246
178
247
179
248
192
261
193
262
194
263
314
315
10
314
314
Species#315:
314
102
103
104
117
118
119
132
133
134
147
148
149
162
231
163
232
164
233
177
246
178
247
179
248
192
261
193
262
194
263
314
315
312
315
315
309
4